0 1
0 149
0 17
0 15
0 16
0 4
0 146
0 13
0 2
1 2
1 146
2 3
2 4
2 146
3 4
3 136
3 138
3 145
3 137
3 143
3 146
4 5
4 8
4 6
4 13
4 136
5 6
5 12
5 7
5 136
5 10
5 8
6 7
6 8
7 8
8 9
8 13
8 10
8 11
9 10
9 11
10 11
10 12
11 12
11 13
12 13
12 114
12 136
13 14
13 112
13 113
13 114
13 15
14 15
14 112
15 16
15 74
15 77
15 112
16 17
16 74
17 18
17 19
17 74
17 149
18 19
18 65
18 74
19 20
19 64
19 149
19 65
19 147
19 148
20 21
20 25
20 147
20 54
20 62
20 145
20 64
20 22
21 22
21 145
21 144
21 141
22 23
22 141
22 24
22 25
23 24
23 141
24 25
24 140
24 141
25 26
25 140
25 28
25 54
25 123
26 27
26 122
26 123
26 28
27 28
27 122
27 111
28 29
28 111
28 102
28 54
28 103
28 31
28 110
29 30
29 53
29 54
29 31
30 31
30 51
30 53
30 50
31 32
31 39
31 50
31 34
31 102
31 98
31 38
31 33
31 99
32 33
32 37
32 35
32 38
33 34
33 35
34 35
34 97
34 98
35 36
35 37
35 97
35 95
36 37
36 95
37 38
37 95
37 45
37 46
37 94
37 44
38 39
38 44
38 43
38 42
39 40
39 48
39 50
39 42
39 41
40 41
40 42
41 42
41 45
41 48
41 46
42 43
42 45
42 44
43 44
44 45
45 46
46 47
46 94
46 91
46 60
46 90
46 89
46 88
46 59
46 48
47 48
47 59
48 49
48 59
48 50
49 50
49 59
50 51
50 59
51 52
51 59
51 58
51 53
52 53
52 58
53 54
53 57
53 58
53 55
53 56
54 55
54 59
54 62
54 60
54 58
54 61
55 56
55 58
56 57
56 58
57 58
58 59
59 60
60 61
60 88
60 87
60 79
60 80
61 62
61 65
61 78
61 79
62 63
62 64
62 65
63 64
63 65
64 65
65 66
65 74
65 68
65 69
65 78
65 70
66 67
66 78
66 68
67 68
67 78
67 69
68 69
69 70
69 75
69 73
69 74
69 72
69 78
70 71
70 74
70 72
71 72
71 74
72 73
72 74
73 74
74 75
74 77
75 76
75 78
75 77
76 77
76 78
77 78
77 112
77 109
78 79
78 108
78 109
78 83
79 80
79 83
80 81
80 87
80 86
80 83
81 82
81 83
81 86
82 83
82 86
82 84
82 85
83 84
83 108
84 85
84 104
84 108
84 105
84 103
84 86
85 86
86 87
86 101
86 103
86 102
86 88
86 98
87 88
88 89
88 95
88 98
88 96
88 93
89 90
89 92
89 93
89 91
90 91
91 92
91 94
92 93
92 94
93 94
93 95
94 95
95 96
95 97
96 97
96 98
97 98
98 99
98 100
98 101
99 100
99 102
99 101
100 101
101 102
102 103
103 104
103 109
103 110
104 105
104 108
104 106
104 109
104 107
105 106
105 108
105 107
106 107
107 108
108 109
109 110
109 112
109 111
110 111
111 112
111 120
111 122
111 117
111 116
111 118
111 121
111 119
112 113
112 116
112 114
113 114
114 115
114 136
114 116
115 116
115 136
116 117
116 119
116 121
116 136
116 120
116 118
117 118
118 119
119 120
120 121
121 122
121 136
121 124
121 123
122 123
123 124
123 140
123 127
123 128
124 125
124 127
124 126
124 136
125 126
125 127
126 127
126 136
126 131
126 135
127 128
127 129
127 131
127 130
128 129
128 140
129 130
129 140
129 139
129 137
130 131
130 132
130 134
130 137
131 132
131 134
131 135
131 133
132 133
132 134
133 134
134 135
134 137
135 136
135 137
136 137
137 138
137 139
138 139
138 143
139 140
139 142
139 141
139 143
140 141
141 142
141 143
141 144
142 143
143 144
143 145
144 145
145 146
145 147
146 147
146 149
146 148
147 148
148 149