0 1
0 499
0 195
0 96
0 97
0 496
0 196
1 2
1 89
1 191
1 96
1 94
1 181
1 3
1 195
1 92
1 80
2 3
2 80
2 78
3 4
3 78
3 11
3 10
3 181
3 12
4 5
4 181
4 180
4 179
4 9
4 10
5 6
5 179
5 177
5 9
6 7
6 9
6 8
6 177
7 8
7 12
7 13
7 177
7 176
8 9
8 12
9 10
9 11
9 12
10 11
11 12
12 13
12 20
12 78
13 14
13 176
13 18
13 20
13 15
13 16
13 19
14 15
14 16
15 16
15 18
15 17
16 17
16 20
17 18
17 20
17 19
18 19
19 20
19 175
19 176
20 21
20 78
20 163
20 162
20 175
21 22
21 78
21 162
22 23
22 158
22 29
22 162
22 33
22 66
22 31
22 65
22 73
22 26
22 30
22 159
22 78
23 24
23 33
23 25
23 26
24 25
24 33
25 26
25 33
26 27
26 33
26 29
26 28
27 28
27 29
28 29
28 33
29 30
29 33
30 31
30 33
30 32
31 32
31 57
31 65
31 64
32 33
32 44
32 38
32 56
32 57
32 41
33 34
33 35
33 73
33 38
33 36
34 35
34 73
35 36
35 72
35 37
35 73
35 38
36 37
36 38
37 38
38 39
38 41
38 40
38 72
38 71
39 40
39 71
40 41
40 42
40 71
41 42
41 44
42 43
42 71
42 44
43 44
43 56
43 46
43 48
43 45
43 47
43 71
44 45
44 56
44 54
44 52
44 50
44 51
44 55
44 53
45 46
45 49
45 50
45 48
45 47
46 47
47 48
48 49
48 54
48 50
48 56
49 50
50 51
50 54
50 52
51 52
52 53
52 54
53 54
54 55
54 56
55 56
56 57
56 71
57 58
57 71
57 64
57 66
57 67
58 59
58 60
58 64
58 66
59 60
59 64
59 63
59 62
60 61
60 66
60 65
60 62
61 62
61 65
62 63
62 65
63 64
63 65
64 65
65 66
66 67
66 78
66 76
67 68
67 76
67 71
67 69
68 69
68 71
68 70
69 70
69 75
69 72
69 71
69 76
70 71
71 72
72 73
72 74
72 75
73 74
73 147
73 156
73 157
73 78
73 158
74 75
74 78
75 76
75 77
75 78
76 77
76 78
77 78
78 79
78 147
78 80
79 80
79 147
79 146
79 81
80 81
80 89
80 82
80 88
80 83
81 82
81 145
81 146
82 83
82 145
82 130
82 90
82 87
82 132
82 129
83 84
83 85
83 88
83 87
83 86
84 85
84 88
84 86
84 87
85 86
86 87
87 88
87 90
87 89
88 89
89 90
89 92
89 91
90 91
90 129
90 93
90 92
91 92
92 93
92 94
93 94
93 128
93 129
94 95
94 127
94 122
94 128
94 126
94 96
95 96
95 120
95 122
96 97
96 119
96 98
96 120
96 116
97 98
97 496
98 99
98 495
98 114
98 116
98 496
99 100
99 113
99 495
99 101
99 114
100 101
100 113
100 112
100 106
101 102
101 103
101 106
101 495
101 104
101 105
102 103
102 108
102 495
102 104
102 105
103 104
104 105
105 106
105 108
105 107
106 107
106 112
107 108
107 112
108 109
108 495
108 119
108 112
109 110
109 112
109 119
109 111
110 111
110 117
110 116
110 119
110 118
110 113
110 112
111 112
112 113
113 114
113 116
113 115
114 115
114 116
115 116
116 117
116 119
117 118
117 119
118 119
119 120
119 477
119 491
119 483
119 121
119 495
119 482
120 121
120 122
121 122
121 133
121 477
121 125
121 132
121 123
121 124
121 126
122 123
122 126
123 124
123 126
124 125
124 126
125 126
126 127
126 132
126 129
127 128
127 129
128 129
129 130
129 131
129 132
130 131
130 132
131 132
132 133
132 145
132 144
133 134
133 476
133 136
133 139
133 144
133 477
133 135
134 135
134 474
134 142
134 476
134 475
134 136
135 136
136 137
136 140
136 138
136 139
136 142
137 138
137 140
137 139
138 139
139 140
139 144
139 141
140 141
140 142
141 142
141 144
142 143
142 453
142 439
142 474
142 458
142 473
142 144
143 144
143 145
143 439
144 145
145 146
145 147
145 438
145 356
145 439
145 437
145 357
146 147
147 148
147 154
147 153
147 155
147 356
147 156
148 149
148 356
148 151
148 153
148 154
149 150
149 154
149 151
149 152
149 153
150 151
150 152
151 152
151 153
152 153
153 154
154 155
154 356
154 355
155 156
155 354
155 355
155 343
155 342
155 157
156 157
157 158
157 342
157 338
157 164
158 159
158 164
159 160
159 162
159 164
159 163
160 161
160 163
160 162
161 162
161 163
162 163
163 164
163 174
163 175
164 165
164 338
164 174
165 166
165 338
165 174
165 173
166 167
166 170
166 172
166 173
166 168
166 171
166 338
167 168
167 338
168 169
168 338
168 170
169 170
169 336
169 338
169 184
169 172
169 186
169 337
170 171
170 172
171 172
172 173
172 184
173 174
173 182
173 184
173 183
174 175
174 180
174 182
174 176
174 181
175 176
176 177
176 180
177 178
177 180
177 179
178 179
178 180
179 180
180 181
181 182
181 191
182 183
182 191
183 184
183 190
183 191
183 186
183 185
184 185
184 186
185 186
186 187
186 336
186 190
186 189
186 331
187 188
187 329
187 324
187 189
187 331
188 189
188 324
188 194
189 190
189 193
189 192
189 191
189 194
190 191
191 192
191 195
191 193
192 193
193 194
193 195
194 195
194 302
194 324
195 196
195 302
195 233
195 232
195 229
196 197
196 229
196 499
196 228
197 198
197 227
197 228
197 200
197 499
198 199
198 226
198 227
198 200
198 224
198 225
199 200
199 223
199 224
200 201
200 499
200 223
200 214
200 215
201 202
201 212
201 213
201 214
201 223
201 211
202 203
202 204
202 223
202 205
202 211
203 204
203 223
203 221
203 206
204 205
204 206
205 206
205 211
206 207
206 211
206 221
206 209
206 208
207 208
207 209
208 209
208 211
208 210
209 210
209 221
209 211
210 211
211 212
211 221
212 213
212 221
212 214
213 214
214 215
214 221
214 216
215 216
215 499
215 472
215 229
215 234
215 235
216 217
216 229
216 228
216 224
216 221
217 218
217 224
217 221
218 219
218 224
218 221
219 220
219 221
219 224
220 221
220 222
220 224
220 223
221 222
221 223
222 223
223 224
224 225
224 228
224 227
224 226
225 226
226 227
227 228
228 229
229 230
229 234
229 232
229 231
230 231
230 234
231 232
231 234
232 233
232 234
233 234
233 292
233 301
233 237
233 302
233 289
233 290
234 235
234 237
234 236
235 236
235 240
235 237
235 472
235 239
236 237
237 238
237 289
237 239
238 239
238 289
238 287
239 240
239 287
239 241
239 243
239 285
240 241
240 249
240 472
240 250
241 242
241 249
241 243
241 244
242 243
242 244
243 244
243 285
244 245
244 275
244 277
244 246
244 285
244 278
244 283
244 281
244 249
245 246
245 249
246 247
246 273
246 275
246 249
246 248
247 248
247 273
247 269
248 249
248 251
248 269
248 250
249 250
250 251
250 374
250 471
250 389
250 388
250 472
250 375
251 252
251 268
251 258
251 253
251 374
251 269
251 259
252 253
252 267
252 263
252 258
252 256
252 254
252 268
252 257
252 255
253 254
253 256
253 258
253 257
254 255
254 256
255 256
256 257
257 258
258 259
258 262
258 263
259 260
259 262
259 373
259 261
259 374
260 261
260 312
260 373
261 262
261 266
261 312
261 265
261 285
262 263
262 265
263 264
263 265
263 267
264 265
264 267
265 266
265 267
266 267
266 285
266 284
267 268
267 274
267 269
267 284
268 269
269 270
269 274
269 273
270 271
270 274
270 273
270 272
271 272
271 273
272 273
272 274
273 274
273 275
274 275
274 284
275 276
275 283
275 281
275 282
275 280
275 284
275 277
276 277
276 280
277 278
277 280
277 279
278 279
278 281
279 280
279 281
280 281
281 282
281 283
282 283
283 284
283 285
284 285
285 286
285 311
285 312
285 287
286 287
286 311
287 288
287 311
287 289
288 289
288 311
288 310
288 291
289 290
289 291
290 291
290 292
291 292
291 309
291 295
291 294
291 310
291 296
291 293
292 293
292 301
292 298
292 299
293 294
293 298
293 297
294 295
294 296
294 297
295 296
296 297
296 301
296 302
296 303
296 309
297 298
297 301
297 300
298 299
298 300
299 300
299 301
300 301
301 302
302 303
302 324
302 304
303 304
303 309
304 305
304 306
304 309
304 324
304 308
305 306
305 322
305 324
305 321
305 308
305 307
305 318
305 323
306 307
306 308
307 308
308 309
308 318
308 310
309 310
310 311
310 313
310 312
310 318
311 312
312 313
312 370
312 372
312 373
312 371
313 314
313 370
313 369
313 318
314 315
314 368
314 317
314 318
314 316
314 369
315 316
315 367
315 368
316 317
316 366
316 367
317 318
317 351
317 364
317 366
317 348
317 350
318 319
318 348
318 321
319 320
319 348
319 347
319 321
319 346
319 344
320 321
320 344
320 342
320 343
321 322
321 325
321 326
321 332
321 342
322 323
322 325
323 324
323 325
324 325
324 329
325 326
325 329
326 327
326 332
326 329
326 328
327 328
327 329
328 329
328 331
328 332
328 330
329 330
329 331
330 331
331 332
331 336
331 333
332 333
332 342
332 341
333 334
333 336
333 341
333 335
333 338
333 337
334 335
334 337
334 336
335 336
336 337
337 338
338 339
338 342
338 341
338 340
339 340
339 341
340 341
340 342
341 342
342 343
343 344
343 354
343 349
344 345
344 349
344 348
344 346
345 346
345 348
346 347
346 348
347 348
348 349
348 350
349 350
349 354
349 351
349 353
349 352
350 351
351 352
351 364
352 353
352 356
352 364
352 354
352 357
353 354
354 355
354 356
355 356
356 357
357 358
357 364
357 437
357 361
358 359
358 361
358 360
358 437
359 360
359 429
359 437
359 428
359 430
359 427
359 431
360 361
360 368
360 426
360 427
360 425
361 362
361 368
361 364
361 363
362 363
362 368
362 364
363 364
364 365
364 366
364 368
365 366
365 367
365 368
366 367
367 368
368 369
368 425
368 414
369 370
369 373
369 410
369 414
369 395
369 371
369 383
369 377
369 409
369 374
369 411
370 371
371 372
371 373
372 373
373 374
374 375
374 377
374 376
375 376
375 379
375 377
375 388
376 377
377 378
377 383
377 379
377 380
378 379
378 380
379 380
379 388
379 381
379 382
380 381
380 383
381 382
381 383
382 383
382 388
383 384
383 394
383 393
383 388
383 395
384 385
384 387
384 388
384 393
384 391
384 386
385 386
385 387
386 387
386 389
386 390
386 391
387 388
387 389
388 389
389 390
389 467
389 468
389 457
389 471
389 391
390 391
391 392
391 457
391 393
392 393
392 457
393 394
393 398
393 400
393 396
393 399
393 457
394 395
394 396
395 396
395 408
395 409
396 397
396 408
396 398
397 398
397 408
397 407
398 399
398 407
398 400
398 401
399 400
400 401
400 457
401 402
401 406
401 403
401 449
401 453
401 450
401 407
401 457
402 403
402 449
402 405
402 404
403 404
403 405
403 406
404 405
405 406
405 447
405 449
405 448
406 407
406 432
406 445
406 440
406 423
406 446
406 441
406 424
406 447
407 408
407 417
407 423
407 422
407 419
407 416
407 421
408 409
408 416
409 410
409 416
410 411
410 416
410 412
411 412
411 414
411 413
412 413
412 416
412 415
413 414
413 415
414 415
414 419
414 425
414 416
415 416
416 417
416 419
416 418
417 418
417 419
418 419
419 420
419 424
419 423
419 421
419 425
420 421
420 423
421 422
421 423
422 423
423 424
424 425
424 428
424 427
424 432
424 431
424 430
425 426
425 427
426 427
427 428
428 429
428 430
429 430
430 431
431 432
431 437
431 436
432 433
432 439
432 436
432 440
433 434
433 439
433 435
433 436
434 435
434 437
434 436
434 439
435 436
436 437
437 438
437 439
438 439
439 440
439 446
439 449
439 452
439 445
439 444
439 453
439 448
439 450
440 441
440 444
440 443
441 442
441 443
441 445
442 443
442 445
443 444
443 445
444 445
445 446
446 447
446 448
447 448
448 449
449 450
450 451
450 452
450 453
451 452
451 453
452 453
453 454
453 456
453 457
453 458
453 455
454 455
454 456
455 456
455 458
455 457
456 457
457 458
457 461
457 467
457 464
457 463
457 462
458 459
458 473
458 461
459 460
459 463
459 461
459 462
459 473
460 461
460 462
461 462
462 463
463 464
463 466
463 473
463 465
464 465
464 467
465 466
465 467
466 467
466 469
466 473
466 472
466 468
467 468
468 469
468 471
468 470
469 470
469 472
470 471
470 472
471 472
472 473
472 499
473 474
473 499
474 475
474 499
475 476
475 497
475 499
475 498
476 477
476 496
476 478
476 497
477 478
477 482
477 479
478 479
478 496
478 480
478 495
479 480
479 482
480 481
480 494
480 482
480 495
481 482
481 494
482 483
482 494
482 485
482 488
482 484
483 484
483 490
483 491
483 485
484 485
485 486
485 490
485 488
485 487
486 487
486 490
486 489
487 488
487 489
488 489
488 494
488 492
488 490
488 493
488 491
489 490
490 491
491 492
491 495
492 493
492 495
492 494
493 494
494 495
495 496
496 497
496 499
497 498
497 499
498 499
