0 1
0 299
0 296
0 2
0 298
0 3
1 2
1 17
1 5
1 4
1 16
1 298
2 3
2 4
3 4
3 296
4 5
4 296
5 6
5 16
5 294
5 295
5 296
5 7
6 7
6 294
6 102
6 293
7 8
7 99
7 102
7 10
7 16
7 12
7 11
7 9
8 9
8 16
8 15
8 12
8 14
9 10
9 12
10 11
10 12
11 12
12 13
12 99
12 28
12 98
12 14
12 97
12 29
13 14
13 15
13 28
13 27
14 15
15 16
15 23
15 21
15 27
15 17
16 17
17 18
17 298
17 21
17 19
18 19
18 297
18 295
18 298
18 21
18 20
19 20
19 21
20 21
21 22
21 23
21 295
21 25
22 23
22 24
22 25
23 24
23 27
23 26
23 25
24 25
25 26
25 295
25 291
26 27
26 291
27 28
27 279
27 290
27 278
27 280
27 291
28 29
28 32
28 48
28 278
28 47
28 49
29 30
29 96
29 97
29 93
29 32
29 31
29 92
29 94
30 31
30 32
31 32
31 92
32 33
32 34
32 92
32 42
32 41
32 47
33 34
33 41
34 35
34 92
34 41
34 37
34 38
34 36
35 36
35 91
35 37
35 92
36 37
37 38
37 84
37 91
38 39
38 50
38 40
38 46
38 42
38 49
38 84
38 41
38 43
38 48
39 40
39 41
40 41
40 42
41 42
42 43
42 47
42 44
43 44
43 45
43 46
44 45
44 47
44 46
45 46
46 47
46 48
47 48
48 49
49 50
49 265
49 278
49 277
50 51
50 84
50 52
50 265
51 52
51 84
51 82
52 53
52 265
52 82
53 54
53 80
53 72
53 81
53 71
53 82
53 265
54 55
54 264
54 71
54 265
54 259
54 70
55 56
55 70
55 259
55 58
55 57
55 59
56 57
56 69
56 70
56 63
56 58
57 58
58 59
58 63
58 61
58 60
59 60
59 259
59 258
59 61
60 61
61 62
61 77
61 258
61 63
62 63
62 73
62 77
62 76
62 75
62 74
63 64
63 65
63 73
63 66
63 69
63 68
64 65
64 71
64 69
64 72
64 70
64 73
65 66
65 69
65 68
65 67
66 67
66 68
67 68
68 69
69 70
70 71
71 72
72 73
72 80
72 74
73 74
74 75
74 78
74 80
74 79
74 76
74 77
75 76
76 77
77 78
77 258
78 79
78 133
78 82
78 258
79 80
79 82
80 81
80 82
81 82
82 83
82 84
82 133
83 84
83 133
84 85
84 129
84 133
84 86
84 91
84 90
84 130
85 86
85 90
86 87
86 129
86 90
87 88
87 90
87 129
87 106
87 91
87 89
88 89
88 91
89 90
89 91
90 91
91 92
91 97
91 100
91 104
91 105
91 106
92 93
92 96
92 95
92 97
93 94
93 95
94 95
94 96
95 96
96 97
97 98
97 99
97 100
98 99
99 100
99 102
99 101
100 101
100 104
100 103
101 102
101 103
102 103
102 293
102 291
103 104
103 136
103 291
103 137
103 105
104 105
105 106
105 133
105 114
105 136
106 107
106 114
106 110
106 112
106 129
106 109
107 108
107 129
107 109
107 128
108 109
108 128
108 126
109 110
109 126
109 117
110 111
110 117
110 114
110 112
111 112
111 114
111 113
112 113
112 114
113 114
114 115
114 132
114 117
114 133
114 116
115 116
115 118
115 132
116 117
116 118
117 118
117 120
117 125
117 126
118 119
118 131
118 129
118 120
118 132
118 130
119 120
119 128
119 129
120 121
120 128
120 124
120 122
120 125
120 123
121 122
121 127
121 125
121 126
121 128
122 123
122 125
123 124
123 125
124 125
125 126
126 127
126 128
127 128
128 129
129 130
130 131
130 133
131 132
131 133
132 133
133 134
133 258
133 136
133 135
133 253
133 257
134 135
134 136
135 136
135 253
135 252
135 251
136 137
136 250
136 251
136 247
137 138
137 140
137 144
137 141
137 146
137 247
137 139
137 291
138 139
138 247
139 140
139 247
139 141
140 141
141 142
141 144
141 247
142 143
142 247
142 144
142 244
142 245
142 246
143 144
143 244
143 243
144 145
144 242
144 243
144 146
145 146
145 241
145 228
145 242
146 147
146 166
146 219
146 150
146 287
146 203
146 291
146 165
146 158
146 228
146 152
147 148
147 158
147 149
147 150
148 149
148 158
148 157
149 150
149 157
150 151
150 157
150 152
151 152
151 153
151 157
152 153
152 165
153 154
153 157
153 165
154 155
154 156
154 165
154 161
154 164
154 159
154 157
155 156
155 157
156 157
156 158
156 159
157 158
158 159
158 203
158 182
158 180
159 160
159 180
159 161
160 161
160 179
160 178
160 164
160 180
160 162
160 163
161 162
161 163
161 164
162 163
163 164
164 165
164 178
165 166
165 168
165 178
165 167
166 167
166 287
167 168
167 287
167 169
168 169
168 178
168 170
169 170
169 287
170 171
170 172
170 178
170 287
171 172
171 287
172 173
172 287
172 177
172 178
172 175
173 174
173 287
173 285
173 175
174 175
174 180
174 179
174 285
175 176
175 177
175 179
176 177
176 179
177 178
177 179
178 179
179 180
180 181
180 189
180 285
180 182
180 284
181 182
181 189
181 184
182 183
182 200
182 203
182 184
182 202
182 199
183 184
183 198
183 194
183 199
183 186
183 197
183 195
183 185
184 185
184 189
185 186
185 189
185 188
186 187
186 194
186 190
186 188
187 188
187 190
187 189
188 189
189 190
189 284
189 283
190 191
190 283
190 194
190 281
191 192
191 280
191 281
191 277
191 194
191 276
191 279
191 278
192 193
192 275
192 230
192 276
192 194
193 194
193 227
193 230
193 229
194 195
194 208
194 227
194 224
194 221
194 209
194 222
194 226
194 223
195 196
195 208
195 197
196 197
196 203
196 208
196 198
196 207
196 200
196 206
197 198
198 199
198 200
199 200
200 201
200 203
200 202
201 202
201 203
202 203
203 204
203 219
203 211
203 205
203 212
203 217
203 215
203 213
203 210
203 216
203 206
203 218
204 205
204 209
204 210
205 206
205 207
205 209
205 208
206 207
207 208
208 209
209 210
209 219
209 221
210 211
210 214
210 219
211 212
211 214
212 213
212 214
213 214
213 215
214 215
214 219
215 216
215 219
215 218
216 217
216 218
217 218
218 219
219 220
219 228
219 221
219 226
219 227
219 225
220 221
220 225
220 224
220 222
221 222
222 223
222 224
223 224
224 225
224 226
225 226
226 227
227 228
227 229
228 229
228 230
228 231
228 241
229 230
230 231
230 236
230 275
231 232
231 236
231 241
232 233
232 234
232 236
232 235
232 241
233 234
233 235
233 241
234 235
235 236
235 238
235 241
235 240
235 239
236 237
236 275
236 238
237 238
237 275
237 240
237 242
238 239
238 240
239 240
240 241
240 242
241 242
242 243
242 275
242 247
242 244
242 246
242 274
243 244
244 245
244 246
245 246
246 247
247 248
247 258
247 249
247 256
247 255
247 274
247 250
248 249
248 254
248 255
249 250
249 254
249 251
250 251
251 252
251 253
251 254
252 253
253 254
253 255
253 257
253 256
254 255
255 256
256 257
256 258
257 258
258 259
258 274
259 260
259 269
259 274
259 263
259 264
259 267
260 261
260 262
260 267
260 263
261 262
261 263
262 263
262 267
263 264
263 267
264 265
264 267
265 266
265 276
265 271
265 268
265 277
265 270
265 267
266 267
266 268
267 268
267 269
268 269
268 270
269 270
269 274
270 271
270 274
271 272
271 276
271 273
271 275
271 274
272 273
272 275
273 274
273 275
274 275
275 276
276 277
277 278
278 279
279 280
280 281
280 289
280 285
280 282
280 290
280 286
281 282
281 283
282 283
282 284
282 285
283 284
284 285
285 286
285 287
286 287
286 289
287 288
287 289
287 291
288 289
288 291
289 290
289 291
290 291
291 292
291 295
291 293
292 293
292 295
293 294
293 295
294 295
295 296
295 297
296 297
296 299
297 298
297 299
298 299