0 1
0 199
0 3
0 2
1 2
1 199
2 3
2 7
2 199
3 4
3 198
3 7
3 6
3 199
4 5
4 189
4 190
4 187
4 198
4 6
5 6
5 187
6 7
6 187
6 11
7 8
7 48
7 199
7 49
7 11
7 9
7 198
8 9
8 11
9 10
9 48
9 14
9 11
10 11
10 14
10 12
10 13
11 12
11 187
11 13
12 13
13 14
13 187
14 15
14 134
14 42
14 146
14 187
14 139
14 48
14 135
14 16
14 23
14 145
15 16
15 23
16 17
16 20
16 23
16 22
16 21
16 134
17 18
17 134
17 19
17 20
17 133
18 19
18 133
18 31
19 20
19 31
19 27
19 29
19 30
20 21
20 27
20 22
20 26
21 22
22 23
22 26
23 24
23 42
23 26
23 41
24 25
24 40
24 26
24 41
24 37
25 26
25 37
26 27
26 37
27 28
27 29
27 37
28 29
28 37
29 30
29 32
29 37
30 31
30 32
31 32
31 109
31 133
31 107
31 110
31 106
32 33
32 34
32 106
32 37
33 34
33 39
33 36
33 106
33 37
33 35
33 38
34 35
34 37
35 36
35 37
36 37
37 38
37 40
37 39
38 39
39 40
39 104
39 105
39 41
39 106
40 41
41 42
41 104
41 45
41 103
42 43
42 45
42 44
42 48
43 44
43 45
44 45
44 48
45 46
45 100
45 48
45 103
45 101
45 47
45 102
46 47
46 48
47 48
47 52
47 99
47 100
47 53
48 49
48 50
48 52
49 50
49 198
50 51
50 52
50 198
51 52
51 198
51 54
52 53
52 54
53 54
53 99
54 55
54 91
54 89
54 99
54 88
54 198
54 60
54 90
55 56
55 64
55 198
55 62
55 66
55 60
55 61
55 63
55 57
55 65
56 57
56 60
56 59
57 58
57 61
57 59
58 59
58 61
59 60
59 61
60 61
60 88
60 67
60 87
61 62
61 67
61 65
61 64
62 63
62 64
63 64
64 65
65 66
65 67
66 67
66 197
66 190
66 69
66 198
66 68
66 70
67 68
67 87
67 69
68 69
69 70
69 87
70 71
70 187
70 87
70 186
70 189
70 190
70 188
71 72
71 182
71 186
71 158
71 181
71 180
71 87
71 73
72 73
72 156
72 152
72 158
72 155
73 74
73 83
73 77
73 152
73 87
73 86
73 82
73 75
74 75
74 76
74 77
75 76
75 152
75 149
75 151
75 150
76 77
76 114
76 149
76 80
76 78
76 141
76 79
77 78
77 82
78 79
78 80
78 82
79 80
80 81
80 114
80 82
81 82
81 114
82 83
82 114
82 112
83 84
83 112
83 110
83 86
83 85
83 89
84 85
84 89
84 87
85 86
85 87
86 87
87 88
87 89
88 89
89 90
89 109
89 93
89 92
89 110
89 108
90 91
90 92
91 92
91 95
91 99
92 93
92 95
93 94
93 95
93 108
94 95
94 107
94 108
95 96
95 106
95 105
95 104
95 107
95 99
95 98
96 97
96 103
96 98
96 104
97 98
97 103
98 99
98 103
99 100
99 103
99 101
99 102
100 101
101 102
102 103
103 104
104 105
105 106
106 107
107 108
107 109
108 109
109 110
110 111
110 133
110 112
110 132
111 112
111 123
111 128
111 125
111 127
111 132
112 113
112 118
112 114
112 123
113 114
113 117
113 116
113 118
114 115
114 141
114 128
114 139
114 116
115 116
115 120
115 128
115 119
116 117
116 119
117 118
117 119
118 119
118 123
119 120
119 123
120 121
120 122
120 123
120 128
121 122
121 127
121 126
121 128
121 123
122 123
123 124
123 126
123 125
124 125
124 126
125 126
125 127
126 127
127 128
128 129
128 132
128 130
128 139
128 131
129 130
129 139
130 131
130 138
130 139
131 132
131 137
131 138
132 133
132 136
132 134
132 135
132 137
133 134
134 135
135 136
135 139
136 137
136 138
136 139
137 138
138 139
139 140
139 141
139 145
140 141
140 145
140 144
141 142
141 149
141 144
142 143
142 148
142 149
142 144
143 144
143 148
143 145
143 146
144 145
145 146
146 147
146 187
146 148
146 184
147 148
147 184
147 160
148 149
148 160
149 150
149 160
150 151
150 160
150 153
150 154
151 152
151 153
152 153
152 155
153 154
153 155
154 155
154 160
155 156
155 160
155 159
156 157
156 159
156 158
157 158
157 159
158 159
158 161
158 167
158 180
158 175
158 164
158 170
158 172
158 165
158 176
158 179
158 173
158 171
158 160
159 160
160 161
160 184
161 162
161 164
161 184
161 163
162 163
162 178
162 184
162 177
163 164
163 177
164 165
164 177
164 166
165 166
165 167
166 167
166 174
166 177
167 168
167 174
167 170
167 173
168 169
168 173
168 170
169 170
169 173
170 171
170 173
170 172
171 172
172 173
173 174
173 175
174 175
174 177
175 176
175 177
176 177
176 179
177 178
177 179
178 179
178 183
178 180
178 184
179 180
180 181
180 183
181 182
181 183
182 183
182 184
182 186
183 184
184 185
184 187
184 186
185 186
185 187
186 187
187 188
187 189
188 189
189 190
190 191
190 198
190 197
191 192
191 198
191 195
191 197
191 193
191 194
192 193
192 194
193 194
193 196
193 198
194 195
194 196
195 196
195 197
196 197
196 198
197 198
198 199